+443069990642	
+44 3069 990915	
+44 3069 990841SPAM
+44 3069 990476	
+44 3069 990619	
+44 3069 990968SPAM
+44 3069990144	
+44 3069 990691	
+44 3069 990486SPAM
+44 3069 990211SPAM
+443069990538SPAM	
+44 3069 990909
+44 3069 990751	
+44 3069 990824SPAM
+44 3069 990430
+44 3069 990463	
+44 3069 990348SPAM
+44 3069990297
+44 3069 990427	
+44 3069 990241SPAM
+443069 990188
+44 3069 990892	
+44 3069 990456SPAM
+443069990038
+44 3069 990993SPAM
+44 3069 990254	
+44 3069 990481SPAM
+44 3069 990410	
+443069 990639	
+44 3069 990987SPAM
+44 20 7946 0876	
+44 20 7946 0562	
+44 20 7946 0677SPAM
+44 20 7946 0490SPAM
+44 207946 0404SPAM
+44 20 7946 0171
+44 20 7946 0461	
+44 207946 0971SPAM
+44 20 7946 0974SPAM
+44 20 79460406	
+44 20 7946 0091	
+44 20 7946 0295SPAM
+442079460794	
+44 20 7946 0313SPAM
+44 20 7946 0792
+44 207946 0271SPAM
+44 20 7946 0991
+442079460902SPAM
+44 20 7946 0666SPAM
+44 20 7946 0113
+44 20 7946 0543SPAM
+44 3069 990369SPAM
+44 3069 990128	
+44 3069 990330
+44 3069 990204SPAM
+44 3069 990505	
+44 3069 990403
+443069 990385	
+44 3069 990290SPAM
+44 3069 990739
+44 3069 990207	
+443069990483	
+44 3069 990809SPAM
+44 3069 990149	
+44 3069 990170SPAM
+44 3069 990594SPAM
+44 3069990126SPAM
+44 3069 990293	
+44 3069 990852SPAM
+44 3069 990994	
+44 3069 990272SPAM
+44 3069 990391
+443069990446
+44 7700 900084SPAM
+44 7700 900230	
+44 7700 900256
+44 7700 900504	
+44 7700 900813SPAM
+44 7700 900823
+44 7700900797	
+44 7700 900828SPAM
+44 7700 900527
+44 7700 900676	
+44 7700 900879	
+44 7700 900113SPAM
+44 7700 900535SPAM
+447700900681	
+44 7700 900546SPAM
+44 7700 900937	
+44 7700 900248SPAM
+44 7700 900526SPAM
+44 7700 900432	
+44 7700 900991	
+44 7700 900568SPAM
+44 7700 900931SPAM
+44 7700 900256SPAM
+44770090096SPAM
+44 7700 900197SPAM
+44 7700 900273SPAM
+44 7700 900108